10
7
4
2
5
2
12
15
2
4
4
17
6
5
2
1
8
10
21
15
7
17
6
4
2
7
19
1
12
15
26
13
7
9
16
12
21
2
4
2
4
1
2
3
5
14
12
18
2
2
5
5
11
4
1
3
4
7
1
2
39
5
1
13
5
33
5
13
2
18
23
7
9
11
3
3
10
5
1
31
8
4
5
2
10
1
1
19
2
1
5
4
13
15
12
10
15
16
8
1
19
24
3
4
5
19
4
20
2
1
1
5
2
21
7
19
5
11
3
8
6
7
8
22
27
6
3
6
6
9
6
23
5
13
5
2
8
4
1
3
8
27
3
3
4
1
18
1
14
2
4
4
17
1
40
47
15
1
1
2
1
1
1
3
32
5
11
11
8
6
4
3
2
12
2
2
28
24
9
5
12
3
4
12
2
3
4
3
2
8
6
10
8
6
6
6
10
1
1
2
2
6
1
12
7
9
13
1
1
4
18
3
2
9
5
5
30
3
5
3
3
1
1
16
14
9
7
7
11
10
2
9
4
3
6
8
5
9
4
5
12
16
22
1
8
6
3
5
22
10
1
2
22
4
6
24
18
3
40
22
1
10
5
8
6
26
14
4
20
12
2
11
3
18
3
3
23
5
6
23
17
8
33
1
20
5
1
11
19
8
2
4
23
13
3
6
1
9
6
3
17
5
37
15
16
24
10
8
29
6
12
12
3
12
84
4
11
5
4
16
3
3
4
8
5
21
4
5
4
3
1
3
2
2
3
5
10
7
4
17
2
4
13
1
63
8
7
4
11
2
18
1
4
4
20
1
2
8
6
5
1
7
5
8
1
3
5
5
2
5
2
33
24
6
15
6
4
11
1
10
1
7
15
13
2
24
11
13
8
8
2
17
14
3
31
24
25
9
16
28
6
2
7
14
5
2
15
5
10
11
4
7
11
6
20
13
2
22
2
9
2
3
28
3
50
7
2
2
3
15
10
1
3
24
10
4
7
9
9
8
5
2
3
2
5
19
7
15
5
6
17
20
9
4
4
7
15
10
11
4
9
3
7
1
5
16
4
6
9
6
3
5
31
2
6
1
1
1
8
10
3
11
11
4
18
8
1
10
8
1
2
13
5
3
8
19
17
16
1
19
24
14
2
1
10
36
2
7
4
15
10
1
3
3
10
16
8
4
7
14
5
26
4
7
13
1
1
20
4
2
4
3
5
10
23
11
1
11
5
3
4
13
3
1
1
2
23
6
6
1
8
1
26
30
9
6
8
5
4
6
7
16
1
2
5
2
15
11
10
8
4
16
14
5
3
9
12
7
2
5
4
2
1
1
1
9
11
1
10
5
12
7
10
1
1
4
7
15
1
6
3
1
6
16
3
7
8
22
10
2
10
13
19
8
1
2
33
4
14
2
26
1
28
23
1
21
8
7
15
19
1
20
7
8
4
2
2
4
10
5
3
7
6
20
4
4
4
3
1
5
6
5
5
28
12
6
3
2
5
41
15
5
18
6
31
5
2
9
4
6
6
16
24
3
17
5
6
1
2
5
1
34
6
1
7
56
11
5
6
2
23
2
5
15
8
17
1
1
5
7
14
2
11
2
5
4
19
4
3
5
3
11
1
2
4
25
15
14
15
9
1
1
3
8
6
2
8
34
9
4
5
6
9
5
11
1
1
7
28
11
2
17
18
17
3
13
7
8
3
13
11
13
1
1
6
1
6
6
5
24
2
3
2
2
9
3
5
11
6
4
56
11
7
2
7
9
8
15
4
9
2
5
3
10
4
3
4
12
3
25
4
2
4
12
2
16
6
5
3
4
18
2
2
28
4
12
1
11
1
14
6
3
6
5
8
3
6
3
3
2
17
3
4
7
18
5
9
6
15
5
12
18
3
19
8
7
10
1
6
2
5
1
3
21
4
6
6
20
2
9
21
9
7
1
9
3
4
3
25
5
1
2
7
1
5
9
8
4
2
3
5
8
3
4
6
11
18
8
3
6
10
16
8
9
3
5
2
15
3
5
3
5
2
2
1
21
3
14
9
6
8
23
20
8
10
9
8
8
4
3
4
6
33
1
1
3
2
6
14
5
9
12
10
1
10
5
5
1
13
18
33
6
12
2
5
11
3
13
10
18
7
9
27
1
5
1
24
27
12
3
1
19
7
1
1
7
4
4
1
12
2
4
4
3
19
1
1
7
9
25
10
7
5
8
1
3
2
3
15
1
2
3
4
4
19
2
14
18
6
4
1
5
5
7
9
15
4
3
27
8
2
3
8
